wave_nm	int
500	260
500.6350708	311
501.2701416	299
501.9052124	299
502.5403137	288
503.1753845	300
503.8104553	290
504.4455261	310
505.0805969	291
505.7156677	304
506.350769	309
506.9858398	337
507.6209106	285
508.2559814	279
508.8910522	276
509.526123	290
510.1612244	242
510.7962952	258
511.431366	270
512.0664673	277
512.7015381	293
513.3366089	280
513.9716797	277
514.6067505	285
515.2418213	287
515.8768921	278
516.5119629	293
517.1470337	275
517.7821045	290
518.4171753	278
519.0522461	276
519.6873169	323
520.3224487	247
520.9575195	276
521.5925903	280
522.2276611	277
522.8627319	278
523.4978027	242
524.1328735	269
524.7679443	277
525.4030151	251
526.0380859	240
526.6731567	264
527.3082275	274
527.9433594	266
528.5784302	254
529.213501	265
529.8485718	292
530.4836426	252
531.1187134	261
531.7537842	233
532.388855	274
533.0239258	241
533.6589966	260
534.2940674	247
534.9291382	306
535.56427	228
536.1993408	263
536.8344116	265
537.4694824	267
538.1045532	253
538.739624	276
539.3746948	314
540.0097656	283
540.6448364	238
541.2799072	266
541.914978	272
542.5500488	253
543.1851196	211
543.8202515	229
544.4553223	252
545.0903931	249
545.7254639	234
546.3605347	251
546.9956055	291
547.6306763	284
548.2657471	242
548.9008179	305
549.5358887	271
550.1709595	310
550.8060303	252
551.4411621	268
552.0762329	262
552.7113037	250
553.3463745	232
553.9814453	252
554.6165161	249
555.2515869	241
555.8866577	252
556.5217285	260
557.1567993	248
557.7918701	251
558.4269409	274
559.0620117	232
559.6971436	265
560.3322144	265
560.9672852	238
561.602356	256
562.2374268	273
562.8724976	242
563.5075684	251
564.1426392	268
564.77771	268
565.4127808	255
566.0478516	285
566.6829224	283
567.3180542	272
567.953125	268
568.5881958	254
569.2232666	263
569.8583374	247
570.4934082	276
571.128479	261
571.7635498	244
572.3986206	279
573.0336914	282
573.6687622	228
574.303833	286
574.9389648	265
575.5740356	230
576.2091064	236
576.8441772	244
577.479248	237
578.1143188	242
578.7493896	225
579.3844604	273
580.0195312	241
580.6546021	230
581.2896729	261
581.9247437	263
582.5598145	234
583.1949463	210
583.8300171	260
584.4650879	271
585.1001587	254
585.7352295	220
586.3703003	240
587.0053711	216
587.6404419	215
588.2755127	280
588.9105835	253
589.5456543	232
590.1807251	245
590.8158569	315
591.4509277	221
592.0859985	278
592.7210693	208
593.3561401	239
593.9912109	247
594.6262817	262
595.2613525	225
595.8964233	269
596.5314941	259
597.1665649	227
597.8016357	245
598.4367065	230
599.0718384	266
599.7069092	242
600.34198	230
600.9770508	239
601.6121216	221
602.2471924	249
602.8822632	232
603.517334	229
604.1524048	214
604.7874756	238
605.4225464	190
606.0576172	240
606.692749	218
607.3278198	292
607.9628906	253
608.5979614	261
609.2330322	244
609.868103	293
610.5031738	256
611.1382446	258
611.7733154	227
612.4083862	260
613.043457	262
613.6785278	225
614.3136597	237
614.9487305	267
615.5838013	264
616.2188721	236
616.8539429	247
617.4890137	234
618.1240845	274
618.7591553	248
619.3942261	240
620.0292969	215
620.6643677	257
621.2994385	241
621.9345093	232
622.5696411	248
623.2047119	278
623.8397827	254
624.4748535	274
625.1099243	257
625.7449951	268
626.3800659	245
627.0151367	264
627.6502075	248
628.2852783	242
628.9203491	229
629.5554199	254
630.1905518	216
630.8256226	229
631.4606934	257
632.0957642	235
632.730835	233
633.3659058	256
634.0009766	254
634.6360474	246
635.2711182	239
635.906189	278
636.5412598	204
637.1763306	233
637.8114014	225
638.4465332	263
639.081604	232
639.7166748	220
640.3517456	222
640.9868164	238
641.6218872	231
642.256958	252
642.8920288	213
643.5270996	236
644.1621704	213
644.7972412	243
645.432312	253
646.0674438	230
646.7025146	265
647.3375854	223
647.9726562	210
648.6077271	195
649.2427979	264
649.8778687	263
650.5129395	198
651.1480103	224
651.7830811	250
652.4181519	205
653.0532227	226
653.6883545	196
654.3234253	205
654.9584961	225
655.5935669	203
656.2286377	184
656.8637085	216
657.4987793	223
658.1338501	227
658.7689209	246
659.4039917	236
660.0390625	237
660.6741333	254
661.3092041	214
661.9443359	200
662.5794067	216
663.2144775	178
663.8495483	241
664.4846191	204
665.1196899	213
665.7547607	249
666.3898315	241
667.0249023	234
667.6599731	244
668.2950439	227
668.9301147	219
669.5652466	243
670.2003174	217
670.8353882	221
671.470459	219
672.1055298	250
672.7406006	206
673.3756714	215
674.0107422	214
674.645813	239
675.2808838	220
675.9159546	208
676.5510254	270
677.1860962	257
677.821228	247
678.4562988	253
679.0913696	260
679.7264404	249
680.3615112	210
680.996582	246
681.6316528	211
682.2667236	256
682.9017944	247
683.5368652	248
684.171936	200
684.8070068	231
685.4421387	256
686.0772095	234
686.7122803	229
687.3473511	260
687.9824219	287
688.6174927	268
689.2525635	252
689.8876343	246
690.5227051	288
691.1577759	255
691.7928467	237
692.4279175	241
693.0630493	257
693.6981201	265
694.3331909	239
694.9682617	234
695.6033325	263
696.2384033	274
696.8734741	263
697.5085449	255
698.1436157	213
698.7786865	227
699.4137573	224
700.0488281	250
700.6838989	251
701.3190308	211
701.9541016	255
702.5891724	241
703.2242432	212
703.859314	247
704.4943848	278
705.1294556	239
705.7645264	206
706.3995972	209
707.034668	219
707.6697388	244
708.3048096	219
708.9399414	245
709.5750122	226
710.210083	235
710.8451538	232
711.4802246	230
712.1152954	242
712.7503662	252
713.385437	222
714.0205078	220
714.6555786	180
715.2906494	217
715.9257202	269
716.560791	192
717.1959229	205
717.8309937	245
718.4660645	218
719.1011353	238
719.7362061	237
720.3712769	247
721.0063477	250
721.6414185	260
722.2764893	245
722.9115601	198
723.5466309	235
724.1817017	241
724.8168335	212
725.4519043	206
726.0869751	205
726.7220459	235
727.3571167	235
727.9921875	252
728.6272583	232
729.2623291	234
729.8973999	223
730.5324707	235
731.1675415	268
731.8026123	249
732.4377441	256
733.0728149	274
733.7078857	227
734.3429565	197
734.9780273	243
735.6130981	217
736.2481689	237
736.8832397	206
737.5183105	262
738.1533813	231
738.7884521	255
739.4235229	266
740.0585938	241
740.6937256	228
741.3287964	267
741.9638672	247
742.598938	240
743.2340088	239
743.8690796	244
744.5041504	263
745.1392212	242
745.774292	268
746.4093628	251
747.0444336	241
747.6795044	242
748.3146362	240
748.949707	252
749.5847778	234
750.2198486	230
750.8549194	232
751.4899902	248
752.125061	360
752.7601318	285
753.3952026	261
754.0302734	216
754.6653442	201
755.300415	252
755.9354858	266
756.5706177	318
757.2056885	260
757.8407593	246
758.4758301	269
759.1109009	280
759.7459717	373
760.3810425	473
761.0161133	309
761.6511841	290
762.2862549	217
762.9213257	283
763.5563965	287
764.1915283	290
764.8265991	364
765.4616699	382
766.0967407	415
766.7318115	351
767.3668823	425
768.0019531	444
768.6370239	513
769.2720947	375
769.9071655	287
770.5422363	295
771.1773071	264
771.8123779	230
772.4475098	206
773.0825806	291
773.7176514	327
774.3527222	272
774.987793	244
775.6228638	281
776.2579346	290
776.8930054	494
777.5280762	784
778.163147	468
778.7982178	282
779.4332886	272
780.0684204	245
780.7034912	257
781.338562	241
781.9736328	269
782.6087036	229
783.2437744	279
783.8788452	254
784.513916	235
785.1489868	219
785.7840576	274
786.4191284	235
787.0541992	248
787.6893311	227
788.3244019	294
788.9594727	316
789.5945435	675
790.2296143	605
790.8646851	395
791.4997559	293
792.1348267	212
792.7698975	246
793.4049683	258
794.0400391	279
794.6751099	255
795.3101807	249
795.9453125	261
796.5803833	301
797.2154541	255
797.8505249	219
798.4855957	251
799.1206665	259
799.7557373	258
800.3908081	243
801.0258789	227
801.6609497	235
802.2960205	263
802.9310913	248
803.5662231	251
804.2012939	218
804.8363647	255
805.4714355	287
806.1065063	220
806.7415771	227
807.3766479	269
808.0117188	271
808.6467896	250
809.2818604	260
809.9169312	231
810.552002	226
811.1870728	234
811.8222046	221
812.4572754	216
813.0923462	254
813.727417	193
814.3624878	248
814.9975586	230
815.6326294	232
816.2677002	220
816.902771	242
817.5378418	244
818.1729126	208
818.8079834	205
819.4431152	260
820.078186	209
820.7132568	213
821.3483276	212
821.9833984	234
822.6184692	213
823.25354	214
823.8886108	206
824.5236816	236
825.1587524	241
825.7938232	218
826.428894	249
827.0640259	228
827.6990967	220
828.3341675	226
828.9692383	253
829.6043091	230
830.2393799	217
830.8744507	236
831.5095215	229
832.1445923	266
832.7796631	213
833.4147339	218
834.0498047	265
834.6848755	199
835.3200073	209
835.9550781	231
836.5901489	245
837.2252197	194
837.8602905	206
838.4953613	215
839.1304321	219
839.7655029	227
840.4005737	240
841.0356445	229
841.6707153	214
842.3057861	210
842.940918	238
843.5759888	241
844.2110596	219
844.8461304	228
845.4812012	204
846.116272	233
846.7513428	239
847.3864136	218
848.0214844	208
848.6565552	293
849.291626	327
849.9266968	250
850.5617676	209
851.1968994	245
851.8319702	210
852.467041	203
853.1021118	224
853.7371826	247
854.3722534	223
855.0073242	244
855.642395	191
856.2774658	204
856.9125366	234
857.5476074	218
858.1826782	205
858.8178101	183
859.4528809	184
860.0879517	221
860.7230225	248
861.3580933	231
861.9931641	239
862.6282349	216
863.2633057	234
863.8983765	236
864.5334473	274
865.1685181	358
865.8035889	277
866.4387207	260
867.0737915	236
867.7088623	188
868.3439331	232
868.9790039	211
869.6140747	268
870.2491455	236
870.8842163	248
871.5192871	216
872.1543579	223
872.7894287	221
873.4244995	233
874.0595703	229
874.6947021	213
875.3297729	238
875.9648438	227
876.5999146	254
877.2349854	218
877.8700562	239
878.505127	237
879.1401978	227
879.7752686	244
880.4103394	236
881.0454102	246
881.680481	234
882.3156128	199
882.9506836	249
883.5857544	289
884.2208252	328
884.855896	273
885.4909668	282
886.1260376	255
886.7611084	290
887.3961792	345
888.03125	435
888.6663208	396
889.3013916	455
889.9364624	385
890.5715942	454
891.206665	346
891.8417358	269
892.4768066	263
893.1118774	227
893.7469482	281
894.382019	253
895.0170898	247
895.6521606	234
896.2872314	274
896.9223022	266
897.557373	239
898.1925049	234
898.8275757	268
899.4626465	277
900.0977173	409
900.7327881	546
901.3678589	336
902.0029297	253
902.6380005	303
903.2730713	262
903.9081421	257
904.5432129	244
905.1782837	230
905.8134155	227
906.4484863	213
907.0835571	263
907.7186279	273
908.3536987	213
908.9887695	219
909.6238403	255
910.2589111	239
910.8939819	247
911.5290527	246
912.1641235	366
912.7991943	550
913.4342651	402
914.069397	307
914.7044678	325
915.3395386	264
915.9746094	269
916.6096802	212
917.244751	211
917.8798218	231
918.5148926	256
919.1499634	226
919.7850342	209
920.420105	247
921.0551758	223
921.6903076	241
922.3253784	233
922.9604492	191
923.59552	239
924.2305908	227
924.8656616	227
925.5007324	223
926.1358032	223
926.770874	219
927.4059448	226
928.0410156	222
928.6760864	214
929.3111572	215
929.9462891	230
930.5813599	248
931.2164307	180
931.8515015	208
932.4865723	207
933.1216431	248
933.7567139	176
934.3917847	272
935.0268555	213
935.6619263	190
936.2969971	224
936.9320679	205
937.5671997	228
938.2022705	246
938.8373413	229
939.4724121	248
940.1074829	182
940.7425537	249
941.3776245	184
942.0126953	250
942.6477661	229
943.2828369	221
943.9179077	243
944.5529785	228
945.1881104	221
945.8231812	218
946.458252	235
947.0933228	234
947.7283936	265
948.3634644	239
948.9985352	225
949.633606	242
950.2686768	212
950.9037476	191
951.5388184	223
952.1738892	215
952.80896	213
953.4440918	208
954.0791626	202
954.7142334	247
955.3493042	259
955.984375	235
956.6194458	241
957.2545166	208
957.8895874	194
958.5246582	223
959.159729	214
959.7947998	222
960.4298706	200
961.0650024	224
961.7000732	219
962.335144	224
962.9702148	245
963.6052856	225
964.2403564	236
964.8754272	251
965.510498	264
966.1455688	219
966.7806396	231
967.4157104	220
968.0507812	191
968.6858521	205
969.3209839	219
969.9560547	214
970.5911255	189
971.2261963	231
971.8612671	198
972.4963379	255
973.1314087	280
973.7664795	219
974.4015503	239
975.0366211	277
975.6716919	230
976.3067627	212
976.9418945	266
977.5769653	238
978.2120361	199
978.8471069	232
979.4821777	232
980.1172485	264
980.7523193	232
981.3873901	251
982.0224609	244
982.6575317	200
983.2926025	224
983.9276733	220
984.5628052	214
985.197876	216
985.8329468	209
986.4680176	176
987.1030884	216
987.7381592	244
988.37323	248
989.0083008	243
989.6433716	240
990.2784424	228
990.9135132	209
991.548584	197
992.1836548	235
992.8187866	236
993.4538574	244
994.0889282	223
994.723999	223
995.3590698	235
995.9941406	236
996.6292114	244
997.2642822	227
997.899353	195
998.5344238	215
999.1694946	256
999.8045654	172
1000.439697	206
1001.074768	211
1001.709839	186
1002.34491	249
1002.97998	240
1003.615051	249
1004.250122	226
1004.885193	204
1005.520264	218
1006.155334	201
1006.790405	198
1007.425476	220
1008.060547	257
1008.695679	245
1009.33075	223
1009.96582	213
1010.600891	193
1011.235962	215
1011.871033	218
1012.506104	206
1013.141174	243
1013.776245	242
1014.411316	222
1015.046387	196
1015.681458	237
1016.316589	215
1016.95166	224
1017.586731	260
1018.221802	205
1018.856873	195
1019.491943	198
1020.127014	212
1020.762085	196
1021.397156	163
1022.032227	190
1022.667297	241
1023.302368	220
1023.937439	184
1024.57251	227
1025.207642	244
1025.842651	254
1026.477783	249
1027.112793	260
1027.747925	275
1028.383057	212
1029.018066	216
1029.653198	206
1030.288208	201
1030.92334	191
1031.55835	204
1032.193481	221
1032.828491	184
1033.463623	235
1034.098633	271
1034.733765	264
1035.368774	222
1036.003906	248
1036.639038	203
1037.274048	222
1037.90918	249
1038.544189	201
1039.179321	189
1039.814331	246
1040.449463	281
1041.084473	250
1041.719604	223
1042.354614	231
1042.989746	213
1043.624756	215
1044.259888	220
1044.89502	210
1045.530029	234
1046.165161	242
1046.800171	222
1047.435303	233
1048.070312	232
1048.705444	237
1049.340454	201
1049.975586	256
1050.610596	222
1051.245728	240
1051.880859	235
1052.515869	238
1053.151001	237
1053.786011	261
1054.421143	236
1055.056152	251
1055.691284	212
1056.326294	226
1056.961426	234
1057.596436	228
1058.231567	202
1058.866577	204
1059.501709	248
1060.136841	225
1060.771851	221
1061.406982	189
1062.041992	228
1062.677124	244
1063.312134	207
1063.947266	179
1064.582275	218
1065.217407	173
1065.852417	188
1066.487549	239
1067.122559	206
1067.75769	216
1068.392822	198
1069.027832	196
1069.662964	222
1070.297974	237
1070.933105	244
1071.568115	233
1072.203247	168
1072.838257	233
1073.473389	234
1074.108398	297
1074.74353	406
1075.378662	345
1076.013672	379
1076.648804	452
1077.283813	335
1077.918945	268
1078.553955	287
1079.189087	203
1079.824097	212
1080.459229	210
1081.094238	221
1081.72937	227
1082.36438	226
1082.999512	228
1083.634644	252
1084.269653	295
1084.904785	351
1085.539795	965
1086.174927	1629
1086.809937	896
1087.445068	407
1088.080078	278
1088.71521	270
1089.35022	274
1089.985352	252
1090.620361	271
1091.255493	272
1091.890625	236
1092.525635	220
1093.160767	224
1093.795776	231
1094.430908	260
1095.065918	244
1095.70105	244
1096.33606	205
1096.971191	282
1097.606201	228
1098.241333	244
1098.876465	285
1099.511475	207
1100.146606	208
1100.781616	281
1101.416748	257
1102.051758	226
1102.68689	262
1103.321899	261
1103.957031	279
1104.592041	231
1105.227173	264
1105.862183	268
1106.497314	259
1107.132446	203
1107.767456	251
1108.402588	224
1109.037598	276
1109.672729	239
1110.307739	215
1110.942871	243
1111.577881	264
1112.213013	309
1112.848022	230
1113.483154	251
1114.118164	242
1114.753296	196
1115.388428	215
1116.023438	253
1116.658569	218
1117.293579	249
1117.928711	228
1118.563721	227
1119.198853	235
1119.833862	196
1120.468994	235
1121.104004	224
1121.739136	247
1122.374146	235
1123.009277	244
1123.644409	235
1124.279419	208
1124.914551	255
1125.549561	247
1126.184692	244
1126.819702	279
1127.454834	308
1128.089844	254
1128.724976	206
1129.359985	232
1129.995117	195
1130.630249	249
1131.265259	228
1131.900391	245
1132.5354	244
1133.170532	238
1133.805542	230
1134.440674	272
1135.075684	218
1135.710815	189
1136.345825	256
1136.980957	261
1137.615967	297
1138.251099	276
1138.88623	262
1139.52124	265
1140.156372	267
1140.791382	338
1141.426514	485
1142.061523	416
1142.696655	362
1143.331665	522
1143.966797	1097
1144.601807	999
1145.236938	605
1145.871948	373
1146.50708	317
1147.142212	286
1147.777222	371
1148.412354	314
1149.047363	339
1149.682495	438
1150.317505	569
1150.952637	582
1151.587646	588
1152.222778	746
1152.857788	1224
1153.49292	1086
1154.128052	1025
1154.763062	989
1155.398193	1192
1156.033203	1937
1156.668335	5592
1157.303345	35426
1157.938477	65535
1158.573486	65535
1159.208618	49851
1159.843628	13572
1160.47876	3725
1161.11377	1941
1161.748901	2502
1162.384033	8827
1163.019043	10656
1163.654175	5782
1164.289185	2258
1164.924316	1000
1165.559326	927
1166.194458	1056
1166.829468	905
1167.4646	700
1168.099609	653
1168.734741	566
1169.369751	525
1170.004883	571
1170.640015	656
1171.275024	950
1171.910156	4985
1172.545166	18963
1173.180298	16399
1173.815308	7532
1174.450439	2553
1175.085449	1103
1175.720581	807
1176.355591	943
1176.990723	2669
1177.625854	5046
1178.260864	3171
1178.895996	1522
1179.531006	791
1180.166138	598
1180.801147	477
1181.436279	403
1182.071289	377
1182.706421	347
1183.341431	368
1183.976562	383
1184.611572	378
1185.246704	1030
1185.881836	4407
1186.516846	5033
1187.151978	2807
1187.786987	1113
1188.422119	561
1189.057129	431
1189.692261	498
1190.327271	495
1190.962402	611
1191.597412	702
1192.232544	2591
1192.867554	12965
1193.502686	17327
1194.137817	9031
1194.772827	3468
1195.407959	2647
1196.042969	13794
1196.678101	32354
1197.31311	21539
1197.948242	9040
1198.583252	2706
1199.218384	1028
1199.853394	756
1200.488525	755
1201.123535	985
1201.758667	1504
1202.393799	1765
1203.028809	6697
1203.66394	36490
1204.29895	50891
1204.934082	27961
1205.569092	10339
1206.204224	3935
1206.839233	9037
1207.474365	13370
1208.109375	7571
1208.744507	3155
1209.379639	1206
1210.014648	751
1210.64978	540
1211.28479	482
1211.919922	402
1212.554932	413
1213.190063	354
1213.825073	445
1214.460205	704
1215.095215	3285
1215.730347	8206
1216.365356	5892
1217.000488	2771
1217.63562	973
1218.27063	470
1218.905762	373
1219.540771	388
1220.175903	398
1220.810913	451
1221.446045	480
1222.081055	1086
1222.716187	6893
1223.351196	24985
1223.986328	22354
1224.621338	10757
1225.25647	3508
1225.891602	1138
1226.526611	566
1227.161743	517
1227.796753	539
1228.431885	1032
1229.066895	4596
1229.702026	7305
1230.337036	4431
1230.972168	1994
1231.607178	864
1232.24231	624
1232.877441	1298
1233.512451	7402
1234.147583	20145
1234.782593	15220
1235.417725	6869
1236.052734	2308
1236.687866	800
1237.322876	530
1237.958008	485
1238.593018	542
1239.228149	684
1239.863159	1036
1240.498291	2508
1241.133423	12735
1241.768433	32897
1242.403564	26325
1243.038574	13317
1243.673706	8889
1244.308716	26110
1244.943848	55906
1245.578857	39771
1246.213989	19310
1246.848999	6259
1247.484131	2052
1248.119141	965
1248.754272	686
1249.389404	505
1250.024414	399
1250.659546	457
1251.294556	391
1251.929688	368
1252.564697	318
1253.199829	358
1253.834839	330
1254.469971	351
1255.10498	373
1255.740112	405
1256.375244	480
1257.010254	497
1257.645386	551
1258.280396	670
1258.915527	935
1259.550537	1617
1260.185669	5435
1260.820679	14810
1261.455811	29441
1262.09082	18322
1262.725952	8506
1263.360962	2826
1263.996094	1652
1264.631226	3723
1265.266235	7660
1265.901367	8328
1266.536377	4233
1267.171509	1836
1267.806519	719
1268.44165	456
1269.07666	401
1269.711792	338
1270.346802	348
1270.981934	379
1271.616943	376
1272.252075	439
1272.887207	481
1273.522217	564
1274.157349	918
1274.792358	3661
1275.42749	12266
1276.0625	10962
1276.697632	6808
1277.332642	2812
1277.967773	1243
1278.602783	689
1279.237915	437
1279.872925	424
1280.508057	369
1281.143188	414
1281.778198	407
1282.41333	383
1283.04834	413
1283.683472	439
1284.318481	544
1284.953613	475
1285.588623	534
1286.223755	735
1286.858765	2227
1287.493896	13233
1288.129028	27795
1288.764038	19649
1289.39917	8802
1290.03418	3186
1290.669312	1219
1291.304321	755
1291.939453	619
1292.574463	844
1293.209595	3632
1293.844604	14571
1294.479736	16878
1295.114746	9518
1295.749878	3952
1296.38501	1476
1297.02002	691
1297.655151	472
1298.290161	396
1298.925293	421
1299.560303	532
1300.195435	491
1300.830444	413
1301.465576	385
1302.100586	351
1302.735718	329
1303.370728	263
1304.005859	311
1304.640991	303
1305.276001	338
1305.911133	326
1306.546143	323
1307.181274	290
1307.816284	334
1308.451416	256
1309.086426	281
1309.721558	334
1310.356567	281
1310.991699	296
1311.626831	293
1312.261841	310
1312.896973	280
1313.531982	302
1314.167114	317
1314.802124	274
1315.437256	309
1316.072266	305
1316.707397	316
1317.342407	331
1317.977539	481
1318.612549	430
1319.247681	399
1319.882812	325
1320.517822	354
1321.152954	310
1321.787964	324
1322.423096	358
1323.058105	307
1323.693237	369
1324.328247	369
1324.963379	425
1325.598389	812
1326.233521	3683
1326.86853	15854
1327.503662	21894
1328.138794	13714
1328.773804	5885
1329.408936	2199
1330.043945	840
1330.679077	500
1331.314087	401
1331.949219	682
1332.584229	1531
1333.21936	1673
1333.85437	1044
1334.489502	654
1335.124512	389
1335.759644	370
1336.394775	335
1337.029785	308
1337.664917	309
1338.299927	370
1338.935059	396
1339.570068	455
1340.2052	560
1340.84021	954
1341.475342	2440
1342.110352	9012
1342.745483	39367
1343.380615	61997
1344.015625	43169
1344.650757	19161
1345.285767	6945
1345.920898	2502
1346.555908	1338
1347.19104	1299
1347.82605	1339
1348.461182	1574
1349.096191	1357
1349.731323	916
1350.366333	571
1351.001465	387
1351.636597	389
1352.271606	367
1352.906738	300
1353.541748	315
1354.17688	330
1354.81189	315
1355.447021	275
1356.082031	301
1356.717163	274
1357.352173	304
1357.987305	350
1358.622314	254
1359.257446	318
1359.892578	332
1360.527588	384
1361.16272	440
1361.797729	397
1362.432861	345
1363.067871	332
1363.703003	373
1364.338013	1072
1364.973145	2766
1365.608154	2782
1366.243286	1736
1366.878418	814
1367.513428	496
1368.14856	312
1368.783569	309
1369.418701	280
1370.053711	337
1370.688843	305
1371.323853	288
1371.958984	295
1372.593994	328
1373.229126	363
1373.864136	454
1374.499268	781
1375.134399	3658
1375.769409	16293
1376.404541	23250
1377.039551	16173
1377.674683	7279
1378.309692	2860
1378.944824	1034
1379.579834	637
1380.214966	723
1380.849976	751
1381.485107	548
1382.120117	372
1382.755249	310
1383.390381	335
1384.025391	259
1384.660522	240
1385.295532	268
1385.930664	241
1386.565674	282
1387.200806	275
1387.835815	245
1388.470947	277
1389.105957	267
1389.741089	264
1390.376221	243
1391.01123	270
1391.646362	258
1392.281372	278
1392.916504	320
1393.551514	318
1394.186646	301
1394.821655	301
1395.456787	424
1396.091797	465
1396.726929	909
1397.361938	1951
1397.99707	2262
1398.632202	1460
1399.267212	783
1399.902344	446
1400.537354	339
1401.172485	296
1401.807495	276
1402.442627	274
1403.077637	280
1403.712769	342
1404.347778	376
1404.98291	1000
1405.61792	3921
1406.253052	5804
1406.888184	4397
1407.523193	2176
1408.158325	1049
1408.793335	522
1409.428467	401
1410.063477	351
1410.698608	500
1411.333618	694
1411.96875	621
1412.60376	918
1413.238892	2918
1413.873901	4872
1414.509033	4329
1415.144165	4218
1415.779175	8589
1416.414307	10049
1417.049316	8417
1417.684448	7498
1418.319458	5460
1418.95459	3034
1419.5896	1511
1420.224731	2211
1420.859741	4501
1421.494873	5085
1422.130005	4428
1422.765015	2875
1423.400146	1638
1424.035156	834
1424.670288	466
1425.305298	364
1425.94043	298
1426.575439	269
1427.210571	217
1427.845581	264
1428.480713	220
1429.115723	240
1429.750854	287
1430.385986	262
1431.020996	289
1431.656128	265
1432.291138	316
1432.92627	239
1433.561279	300
1434.196411	287
1434.831421	654
1435.466553	2828
1436.101562	7191
1436.736694	7308
1437.371704	4558
1438.006836	2184
1438.641968	932
1439.276978	447
1439.912109	281
1440.547119	281
1441.182251	260
1441.817261	240
1442.452393	247
1443.087402	222
1443.722534	203
1444.357544	276
1444.992676	197
1445.627808	223
1446.262817	225
1446.897949	219
1447.532959	217
1448.168091	282
1448.803101	679
1449.438232	2070
1450.073242	2938
1450.708374	2470
1451.343384	1365
1451.978516	674
1452.613525	353
1453.248657	280
1453.883789	253
1454.518799	186
1455.153931	240
1455.78894	207
1456.424072	232
1457.059082	247
1457.694214	216
1458.329224	220
1458.964355	214
1459.599365	248
1460.234497	231
1460.869507	236
1461.504639	204
1462.139771	237
1462.77478	236
1463.409912	214
1464.044922	200
1464.680054	228
1465.315063	207
1465.950195	221
1466.585205	213
1467.220337	229
1467.855347	240
1468.490479	227
1469.12561	242
1469.76062	234
1470.395752	254
1471.030762	241
1471.665894	218
1472.300903	213
1472.936035	245
1473.571045	189
1474.206177	266
1474.841187	272
1475.476318	250
1476.111328	266
1476.74646	231
1477.381592	217
1478.016602	208
1478.651733	216
1479.286743	200
1479.921875	247
1480.556885	235
1481.192017	216
1481.827026	305
1482.462158	385
1483.097168	958
1483.7323	2306
1484.36731	3181
1485.002441	2663
1485.637573	1563
1486.272583	756
1486.907715	425
1487.542725	278
1488.177856	242
1488.812866	219
1489.447998	236
1490.083008	211
1490.71814	268
1491.353149	245
1491.988281	386
1492.623291	832
1493.258423	1363
1493.893555	1757
1494.528564	1891
1495.163696	1392
1495.798706	857
1496.433838	487
1497.068848	347
1497.703979	275
1498.338989	273
1498.974121	226
1499.609131	258
1500.244263	331
1500.879395	274
1501.514404	242
1502.149536	304
1502.784546	248
1503.419678	247
1504.054688	317
1504.689819	368
1505.324829	376
1505.959961	365
1506.594971	523
1507.230103	1474
1507.865112	2928
1508.500244	3484
1509.135376	6026
1509.770386	8458
1510.405518	7168
1511.040527	4369
1511.675659	2264
1512.310669	1236
1512.945801	913
1513.580811	684
1514.215942	482
1514.850952	320
1515.486084	269
1516.121094	258
1516.756226	205
1517.391357	224
1518.026367	229
1518.661499	214
1519.296509	220
1519.931641	255
1520.56665	225
1521.201782	219
1521.836792	233
1522.471924	225
1523.106934	230
1523.742065	218
1524.377197	230
1525.012207	195
1525.647339	215
1526.282349	253
1526.91748	261
1527.55249	244
1528.187622	266
1528.822632	283
1529.457764	271
1530.092773	239
1530.727905	316
1531.362915	473
1531.998047	1158
1532.633179	1578
1533.268188	1338
1533.90332	800
1534.53833	519
1535.173462	397
1535.808472	264
1536.443604	317
1537.078613	673
1537.713745	1318
1538.348755	1355
1538.983887	1024
1539.618896	623
1540.254028	382
1540.88916	332
1541.52417	211
1542.159302	208
1542.794312	234
1543.429443	184
1544.064453	249
1544.699585	230
1545.334595	264
1545.969727	285
1546.604736	257
1547.239868	354
1547.874878	584
1548.51001	1316
1549.145142	4455
1549.780151	6635
1550.415283	5324
1551.050293	3401
1551.685425	1728
1552.320435	942
1552.955566	579
1553.590576	1113
1554.225708	2014
1554.860718	2076
1555.49585	2273
1556.130981	2511
1556.765991	2903
1557.401123	2201
1558.036133	1432
1558.671265	834
1559.306274	458
1559.941406	298
1560.576416	275
1561.211548	285
1561.846558	248
1562.481689	373
1563.116699	348
1563.751831	315
1564.386963	322
1565.021973	296
1565.657104	335
1566.292114	633
1566.927246	1866
1567.562256	3308
1568.197388	2900
1568.832397	1914
1569.467529	1142
1570.102539	653
1570.737671	757
1571.372681	1088
1572.007812	1041
1572.642944	789
1573.277954	546
1573.913086	394
1574.548096	316
1575.183228	279
1575.818237	287
1576.453369	268
1577.088379	233
1577.723511	272
1578.358521	270
1578.993652	286
1579.628784	264
1580.263794	255
1580.898926	361
1581.533936	580
1582.169067	753
1582.804077	704
1583.439209	551
1584.074219	382
1584.709351	309
1585.34436	246
1585.979492	264
1586.614502	319
1587.249634	329
1587.884766	586
1588.519775	1061
1589.154907	1060
1589.789917	823
1590.425049	670
1591.060059	1044
1591.69519	1327
1592.3302	1125
1592.965332	838
1593.600342	612
1594.235474	456
1594.870483	523
1595.505615	683
1596.140747	716
1596.775757	525
1597.410889	424
1598.045898	274
1598.68103	302
1599.31604	248
1599.951172	247
1600.586182	236
1601.221313	165
1601.856323	188
1602.491455	192
1603.126587	259
1603.761597	209
1604.396729	190
1605.031738	184
1605.66687	209
1606.30188	263
1606.937012	227
1607.572021	233
1608.207153	261
1608.842163	338
1609.477295	562
1610.112305	1342
1610.747437	2154
1611.382568	2030
1612.017578	1525
1612.65271	896
1613.28772	557
1613.922852	416
1614.557861	273
1615.192993	258
1615.828003	232
1616.463135	182
1617.098145	188
1617.733276	255
1618.368286	221
1619.003418	252
1619.63855	197
1620.27356	276
1620.908691	419
1621.543701	823
1622.178833	944
1622.813843	887
1623.448975	957
1624.083984	662
1624.719116	534
1625.354126	400
1625.989258	303
1626.624268	259
1627.259399	241
1627.894531	217
1628.529541	204
1629.164673	215
1629.799683	206
1630.434814	286
1631.069824	302
1631.704956	373
1632.339966	339
1632.975098	289
1633.610107	289
1634.245239	237
1634.880371	174
1635.515381	219
1636.150513	218
1636.785522	234
1637.420654	203
1638.055664	241
1638.690796	198
1639.325806	217
1639.960938	228
1640.595947	215
1641.231079	222
1641.866089	292
1642.501221	263
1643.136353	244
1643.771362	230
1644.406494	256
1645.041504	212
1645.676636	219
1646.311646	233
1646.946777	233
1647.581787	205
1648.216919	213
1648.851929	187
1649.487061	251
1650.12207	231
1650.757202	250
1651.392334	183
1652.027344	214
1652.662476	195
1653.297485	195
1653.932617	216
1654.567627	238
1655.202759	201
1655.837769	251
1656.4729	202
1657.10791	212
1657.743042	196
1658.378174	238
1659.013184	235
1659.648315	261
1660.283325	261
1660.918457	476
1661.553467	1429
1662.188599	3015
1662.823608	2838
1663.45874	2159
1664.09375	1305
1664.728882	846
1665.363892	571
1665.999023	477
1666.634155	439
1667.269165	399
1667.904297	316
1668.539307	279
1669.174438	207
1669.809448	247
1670.44458	234
1671.07959	261
1671.714722	227
1672.349731	271
1672.984863	310
1673.619873	388
1674.255005	418
1674.890137	382
1675.525146	358
1676.160278	376
1676.795288	509
1677.43042	740
1678.06543	648
1678.700562	560
1679.335571	412
1679.970703	306
1680.605713	301
1681.240845	256
1681.875977	204
1682.510986	229
1683.146118	224
1683.781128	219
1684.41626	237
1685.05127	240
1685.686401	239
1686.321411	244
1686.956543	234
1687.591553	275
1688.226685	344
1688.861694	351
1689.496826	356
1690.131958	373
1690.766968	350
1691.4021	321
1692.037109	306
1692.672241	312
1693.307251	306
1693.942383	325
1694.577393	263
1695.212524	241
1695.847534	220
1696.482666	261
1697.117676	218
1697.752808	267
1698.387939	235
1699.022949	245
1699.658081	231
1700.293091	209
1700.928223	262
1701.563232	211
1702.198364	262
1702.833374	203
1703.468506	187
1704.103516	189
1704.738647	191
1705.373657	260
1706.008789	203
1706.643921	258
1707.278931	246
1707.914062	282
1708.549072	297
1709.184204	259
1709.819214	232
1710.454346	249
1711.089355	181
1711.724487	215
1712.359497	187
1712.994629	260
1713.629761	227
1714.264771	227
1714.899902	198
1715.534912	223
1716.170044	229
1716.805054	263
1717.440186	231
1718.075195	248
1718.710327	183
1719.345337	215
1719.980469	218
1720.615479	191
1721.25061	200
1721.885742	250
1722.520752	214
1723.155884	233
1723.790894	275
1724.426025	320
1725.061035	273
1725.696167	288
1726.331177	246
1726.966309	263
1727.601318	228
1728.23645	242
1728.87146	228
1729.506592	172
1730.141724	150
1730.776733	213
1731.411865	204
1732.046875	208
1732.682007	189
1733.317017	192
1733.952148	215
1734.587158	193
1735.22229	200
1735.8573	222
1736.492432	201
1737.127563	215
1737.762573	187
1738.397705	192
1739.032715	169
1739.667847	211
1740.302856	215
1740.937988	243
1741.572998	376
1742.20813	622
1742.84314	759
1743.478271	659
1744.113281	499
1744.748413	408
1745.383545	288
1746.018555	274
1746.653687	230
1747.288696	215
1747.923828	221
1748.558838	240
1749.19397	232
1749.828979	209
1750.464111	230
1751.099121	263
1751.734253	212
1752.369263	236
1753.004395	219
1753.639526	228
1754.274536	211
1754.909668	217
1755.544678	220
1756.17981	227
1756.814819	233
1757.449951	243
1758.084961	202
1758.720093	253
1759.355103	259
1759.990234	230
1760.625366	234
1761.260376	268
1761.895508	287
1762.530518	251
1763.165649	228
1763.800659	233
1764.435791	220
1765.070801	239
1765.705933	223
1766.340942	241
1766.976074	207
1767.611084	256
1768.246216	242
1768.881348	275
1769.516357	259
1770.151489	226
1770.786499	201
1771.421631	264
1772.056641	258
1772.691772	199
1773.326782	192
1773.961914	267
1774.596924	293
1775.232056	208
1775.867065	238
1776.502197	244
1777.137329	259
1777.772339	222
1778.407471	204
1779.04248	252
1779.677612	244
1780.312622	251
1780.947754	196
1781.582764	232
1782.217896	241
1782.852905	212
1783.488037	207
1784.123047	228
1784.758179	240
1785.393311	211
1786.02832	217
1786.663452	246
1787.298462	236
1787.933594	224
1788.568604	218
1789.203735	231
1789.838745	228
1790.473877	188
1791.108887	176
1791.744019	197
1792.37915	203
1793.01416	212
1793.649292	208
1794.284302	176
1794.919434	191
1795.554443	231
1796.189575	204
1796.824585	220
1797.459717	256
1798.094727	238
1798.729858	191
1799.364868	240
1800	229
